"","wgEncodeBroadHistoneGm12878CtcfStdPk.broadPeak","wgEncodeBroadHistoneGm12878Ezh239875Pk.broadPeak","wgEncodeBroadHistoneGm12878H2azStdPk.broadPeak","wgEncodeBroadHistoneGm12878H3k04me1StdPkV2.broadPeak","wgEncodeBroadHistoneGm12878H3k04me3StdPkV2.broadPeak","wgEncodeBroadHistoneGm12878H3k27acStdPk.broadPeak","wgEncodeBroadHistoneGm12878H3k27me3StdPkV2.broadPeak","wgEncodeBroadHistoneGm12878H3k36me3StdPk.broadPeak","wgEncodeBroadHistoneGm12878H3k4me2StdPk.broadPeak","wgEncodeBroadHistoneGm12878H3k79me2StdPk.broadPeak","wgEncodeBroadHistoneGm12878H3k9acStdPk.broadPeak","wgEncodeBroadHistoneGm12878H3k9me3StdPk.broadPeak","wgEncodeBroadHistoneGm12878H4k20me1StdPk.broadPeak","wgEncodeHaibTfbsGm12878Atf2sc81188V0422111PkRep1.broadPeak","wgEncodeHaibTfbsGm12878Atf3Pcr1xPkRep1.broadPeak","wgEncodeHaibTfbsGm12878BatfPcr1xPkRep1.broadPeak","wgEncodeHaibTfbsGm12878Bcl11aPcr1xPkRep1.broadPeak","wgEncodeHaibTfbsGm12878Bcl3V0416101PkRep1.broadPeak","wgEncodeHaibTfbsGm12878Bclaf101388V0416101PkRep1.broadPeak","wgEncodeHaibTfbsGm12878Cebpbsc150V0422111PkRep1.broadPeak","wgEncodeHaibTfbsGm12878Creb1sc240V0422111PkRep1.broadPeak","wgEncodeHaibTfbsGm12878Ebfsc137065Pcr1xPkRep1.broadPeak","wgEncodeHaibTfbsGm12878Egr1V0416101PkRep1.broadPeak","wgEncodeHaibTfbsGm12878Elf1sc631V0416101PkRep1.broadPeak","wgEncodeHaibTfbsGm12878Ets1Pcr1xPkRep1V2.broadPeak","wgEncodeHaibTfbsGm12878Foxm1sc502V0422111PkRep1.broadPeak","wgEncodeHaibTfbsGm12878GabpPcr2xPkRep1.broadPeak","wgEncodeHaibTfbsGm12878Irf4sc6059Pcr1xPkRep1.broadPeak","wgEncodeHaibTfbsGm12878Mef2aPcr1xPkRep1.broadPeak","wgEncodeHaibTfbsGm12878Mef2csc13268V0416101PkRep1.broadPeak","wgEncodeHaibTfbsGm12878Mta3sc81325V0422111PkRep1.broadPeak","wgEncodeHaibTfbsGm12878Nfatc1sc17834V0422111PkRep1.broadPeak","wgEncodeHaibTfbsGm12878Nficsc81335V0422111PkRep1.broadPeak","wgEncodeHaibTfbsGm12878NrsfPcr1xPkRep1.broadPeak","wgEncodeHaibTfbsGm12878NrsfPcr2xPkRep1.broadPeak","wgEncodeHaibTfbsGm12878P300Pcr1xPkRep1.broadPeak","wgEncodeHaibTfbsGm12878Pax5c20Pcr1xPkRep1.broadPeak","wgEncodeHaibTfbsGm12878Pax5n19Pcr1xPkRep1.broadPeak","wgEncodeHaibTfbsGm12878Pbx3Pcr1xPkRep1.broadPeak","wgEncodeHaibTfbsGm12878Pmlsc71910V0422111PkRep1.broadPeak","wgEncodeHaibTfbsGm12878Pol24h8Pcr1xPkRep1.broadPeak","wgEncodeHaibTfbsGm12878Pol2Pcr2xPkRep1.broadPeak","wgEncodeHaibTfbsGm12878Pou2f2Pcr1xPkRep1.broadPeak","wgEncodeHaibTfbsGm12878Pu1Pcr1xPkRep1.broadPeak","wgEncodeHaibTfbsGm12878Rad21V0416101PkRep1.broadPeak","wgEncodeHaibTfbsGm12878Runx3sc101553V0422111PkRep1.broadPeak","wgEncodeHaibTfbsGm12878RxraPcr1xPkRep1.broadPeak","wgEncodeHaibTfbsGm12878Six5Pcr1xPkRep1.broadPeak","wgEncodeHaibTfbsGm12878Sp1Pcr1xPkRep1.broadPeak","wgEncodeHaibTfbsGm12878SrfPcr2xPkRep1.broadPeak","wgEncodeHaibTfbsGm12878SrfV0416101PkRep1.broadPeak","wgEncodeHaibTfbsGm12878Stat5asc74442V0422111PkRep1.broadPeak","wgEncodeHaibTfbsGm12878Taf1Pcr1xPkRep1.broadPeak","wgEncodeHaibTfbsGm12878Tcf12Pcr1xPkRep1.broadPeak","wgEncodeHaibTfbsGm12878Tcf3Pcr1xPkRep1.broadPeak","wgEncodeHaibTfbsGm12878Usf1Pcr2xPkRep1.broadPeak","wgEncodeHaibTfbsGm12878Yy1sc281Pcr1xPkRep1.broadPeak","wgEncodeHaibTfbsGm12878Zbtb33Pcr1xPkRep1.broadPeak","wgEncodeHaibTfbsGm12878Zeb1sc25388V0416102PkRep1.broadPeak","wgEncodeSydhTfbsGm12878Bhlhe40cIggmusPk.narrowPeak","wgEncodeSydhTfbsGm12878Brca1a300IggmusPk.narrowPeak","wgEncodeSydhTfbsGm12878Cdpsc6327IggmusPk.narrowPeak","wgEncodeSydhTfbsGm12878CfosStdPk.narrowPeak","wgEncodeSydhTfbsGm12878Chd1a301218aIggmusPk.narrowPeak","wgEncodeSydhTfbsGm12878Chd2ab68301IggmusPk.narrowPeak","wgEncodeSydhTfbsGm12878Corestsc30189IggmusPk.narrowPeak","wgEncodeSydhTfbsGm12878Ctcfsc15914c20StdPk.narrowPeak","wgEncodeSydhTfbsGm12878E2f4IggmusPk.narrowPeak","wgEncodeSydhTfbsGm12878Ebf1sc137065StdPk.narrowPeak","wgEncodeSydhTfbsGm12878Elk112771IggmusPk.narrowPeak","wgEncodeSydhTfbsGm12878ErraIggrabPk.narrowPeak","wgEncodeSydhTfbsGm12878Gcn5StdPk.narrowPeak","wgEncodeSydhTfbsGm12878Ikzf1iknuclaStdPk.narrowPeak","wgEncodeSydhTfbsGm12878Irf3IggmusPk.narrowPeak","wgEncodeSydhTfbsGm12878JundIggrabPk.narrowPeak","wgEncodeSydhTfbsGm12878JundStdPk.narrowPeak","wgEncodeSydhTfbsGm12878MafkIggmusPk.narrowPeak","wgEncodeSydhTfbsGm12878MaxIggmusPk.narrowPeak","wgEncodeSydhTfbsGm12878Mazab85725IggmusPk.narrowPeak","wgEncodeSydhTfbsGm12878Mxi1IggmusPk.narrowPeak","wgEncodeSydhTfbsGm12878Nfe2sc22827StdPk.narrowPeak","wgEncodeSydhTfbsGm12878NfkbTnfaIggrabPk.narrowPeak","wgEncodeSydhTfbsGm12878NfyaIggmusPk.narrowPeak","wgEncodeSydhTfbsGm12878NfybIggmusPk.narrowPeak","wgEncodeSydhTfbsGm12878Nrf1IggmusPk.narrowPeak","wgEncodeSydhTfbsGm12878P300bStdPk.narrowPeak","wgEncodeSydhTfbsGm12878P300IggmusPk.narrowPeak","wgEncodeSydhTfbsGm12878P300sc584IggmusPk.narrowPeak","wgEncodeSydhTfbsGm12878Pol2IggmusPk.narrowPeak","wgEncodeSydhTfbsGm12878Pol2s2IggmusPk.narrowPeak","wgEncodeSydhTfbsGm12878Pol2StdPk.narrowPeak","wgEncodeSydhTfbsGm12878Pol3StdPk.narrowPeak","wgEncodeSydhTfbsGm12878Rad21IggrabPk.narrowPeak","wgEncodeSydhTfbsGm12878Rfx5200401194IggmusPk.narrowPeak","wgEncodeSydhTfbsGm12878Sin3anb6001263IggmusPk.narrowPeak","wgEncodeSydhTfbsGm12878Smc3ab9263IggmusPk.narrowPeak","wgEncodeSydhTfbsGm12878Spt20StdPk.narrowPeak","wgEncodeSydhTfbsGm12878Srebp1IggrabPk.narrowPeak","wgEncodeSydhTfbsGm12878Srebp2IggrabPk.narrowPeak","wgEncodeSydhTfbsGm12878Stat1StdPk.narrowPeak","wgEncodeSydhTfbsGm12878Stat3IggmusPk.narrowPeak","wgEncodeSydhTfbsGm12878Tblr1ab24550IggmusPk.narrowPeak","wgEncodeSydhTfbsGm12878TbpIggmusPk.narrowPeak","wgEncodeSydhTfbsGm12878Tr4StdPk.narrowPeak","wgEncodeSydhTfbsGm12878Usf2IggmusPk.narrowPeak","wgEncodeSydhTfbsGm12878WhipIggmusPk.narrowPeak","wgEncodeSydhTfbsGm12878Yy1StdPk.narrowPeak","wgEncodeSydhTfbsGm12878Znf143166181apStdPk.narrowPeak","wgEncodeSydhTfbsGm12878Znf274StdPk.narrowPeak","wgEncodeSydhTfbsGm12878Znf384hpa004051IggmusPk.narrowPeak","wgEncodeSydhTfbsGm12878Zzz3StdPk.narrowPeak"
"wgEncodeBroadHistoneGm12878CtcfStdPk.broadPeak",1,0.102389335657699,0.146069220053406,0.156894289492292,0.164213995649781,0.150317684784426,0.075079419465795,0.115239341046469,0.154190483519919,0.139711384153222,0.15160585961564,0.0839618695472775,0.101524836119692,0.0484372196762928,0.0012451584942603,0.0122407448571311,0.0104385473192509,0.0187940596950892,0.0539455314190918,0.024462538179325,0.0251835208709765,0.0256709365500501,0.0074421825813531,0.0341391544207812,0.00110522415327001,0.0548495489258447,0.00363239255036989,0.0220544447190939,0.0189726767528189,0.00111094997045866,0.0399500698927978,0.0312361666662183,0.0592910750866929,0.00544402337712082,0.00131451623859485,0.0102496118021038,0.0338972173668515,0.0107640819362114,0.00558903841828884,0.0190487681626757,0.0667225975327203,0.0524063307195075,0.0146385196618889,0.00856074686991452,0.0481353158410233,0.0884566151465975,0.00554065699036104,0.00387972744810596,0.0209369957556737,0.0008623321571493,0.00466189423187765,0.029255207515029,0.0102314730748905,0.02819496990911,0.0321709157073771,0.0035751669715219,0.0581299612166035,0.00659295513718119,0.00397858384215866,0.0611605830593014,0.0114971333423514,0.0277396897047563,0.00116666593636025,0.0467292629016629,0.0523054805653786,0.0487898920379528,0.112103127470041,0.00810766838808436,0.0635351176706847,0.0280584454821829,0.00648860527131485,0.00356157870746282,0.0255066970056203,0.00712113201858646,0.00458760772147477,0.000694795023557279,0.00190254273285382,0.055433762667438,0.0643464240523274,0.0629860473930668,0.00543766608291224,0.0113459474362375,0.00510355688627536,0.015662489593898,0.0231111840108182,0.0427898722490614,0.03566024349176,0.0266001626709025,0.0654392486765604,0.0724859809531601,0.01872541468836,0.000139338089128985,0.0570370882181899,0.0230165476046252,0.0288096708858889,0.097445762582273,0.00403941739438723,0.00360781906605332,0.00209554328260967,0.0435688472794962,0.0216811205825086,0.0517671512515373,0.0378060291680359,0.00164191394966527,0.0244203348552845,0.0706575822731437,0.000983057603312021,0.0951422924672746,0.00273485858002656,0.0310823407676692,0.00106027832088606
"wgEncodeBroadHistoneGm12878Ezh239875Pk.broadPeak",0.102389335657699,1,0.169951781154252,0.203076482745662,0.152164426893153,0.101445141581321,0.345833874155832,0.214013978247624,0.125352555659193,0.154322778388315,0.0816784488259761,0.208793498613694,0.269175545230883,0.0185324142391163,0.000265166322516413,0.00579228231523267,0.00415335757715867,0.00698177706878765,0.0159971733841255,0.00822140081941237,0.00747666442963878,0.00847240476949106,0.00171648855496907,0.0081371172912124,0.000321291622513181,0.016920657313156,0.000870339679006557,0.00669686933599209,0.00839669231443199,0.000356583391841566,0.0123413595363335,0.0111147495187555,0.0261314383251309,0.00167149758775628,0.000655060155120988,0.00274602467570263,0.00919985297626017,0.00324343354491645,0.0015142959591521,0.00523599558825787,0.022754598432254,0.0136834549871617,0.00353520430349112,0.0036726738716145,0.00531036098980719,0.0360916232426062,0.00102280479256872,0.00103717579674022,0.00700815024158205,0.000313490584987307,0.0014190673683494,0.00823224988785701,0.00247448100376034,0.00738604664296566,0.00790521538667905,0.0009586857017202,0.0127234203120291,0.00135473390234929,0.000750886325260921,0.0194280680408792,0.00259062288398893,0.0104047381042995,0.000316398449279446,0.0133633362267134,0.0157690716509761,0.0148152574241649,0.0152971122639291,0.00180380131555974,0.0251297187945907,0.00691432399609162,0.0014579668563989,0.000811165903692044,0.0115493401817504,0.00196419151598108,0.00170390415542366,0.000463742162166705,0.00111636364251031,0.0145803293894698,0.0169285101818269,0.0188890302762656,0.00143155401047437,0.00471554615795832,0.00163106257756689,0.00629444660817505,0.00528639904735281,0.0175546902653384,0.0149869609971945,0.00946128090581342,0.0193384988443893,0.026044789941424,0.00461691262705332,4.74419811312486e-05,0.00663227166938327,0.00576227113233565,0.0068013004838351,0.0159298025257471,0.00140829499392541,0.00122632324756026,0.000590675188326849,0.0103569109516931,0.00787860913799272,0.0163067637810437,0.0126448758130591,0.000528461986125196,0.00678083260942855,0.0213304834219597,0.000364013886674835,0.0186727747833757,0.000692300650060027,0.0109822339458311,0.000292921082090651
"wgEncodeBroadHistoneGm12878H2azStdPk.broadPeak",0.146069220053406,0.169951781154252,1,0.292718160640112,0.300273265686941,0.252757370538006,0.0829598579266992,0.106889999753079,0.294914705878064,0.161399242734356,0.236749170359351,0.163854780653481,0.0904292903566182,0.0700371555392206,0.00161155706643227,0.0159338115316231,0.0127657124626424,0.022668685793159,0.0651739872618277,0.0315760604980851,0.0375789337514681,0.0304185091955927,0.00957761877672601,0.0449984799151328,0.00120598391506098,0.0664237180213246,0.00563632295755519,0.0237684752032913,0.0277386267108968,0.00123066553192067,0.0498496613062198,0.0324401929876572,0.0944040455860522,0.00389303806646143,0.00102254812328842,0.0090589115550732,0.038520024106521,0.0117258240970494,0.00462609228592033,0.0239947261700338,0.0712571880012388,0.0612702103354621,0.0151341412394169,0.0114259422190683,0.0143965282868826,0.129162092123103,0.00402418360053541,0.00626787560255069,0.0283081699174858,0.00113438909556188,0.0062186670530349,0.033463094071813,0.012931994856567,0.0343213562746104,0.0372632166378351,0.00512542501260213,0.0625357983614976,0.00464012369834471,0.00429307242743386,0.0807512025995118,0.0122753458310349,0.0359960177595206,0.00205817276857488,0.0589144059217477,0.0724081188489576,0.0633156777804429,0.0457266108679868,0.00962123631871107,0.0866531950879165,0.0333007942773083,0.00821059595417668,0.00310273494782876,0.0376484900955141,0.00765039922541313,0.00695220350787157,0.00122781490530881,0.00226124182953427,0.072138470264156,0.0810285354407913,0.0851193056817597,0.00565662894800765,0.0167455808187932,0.00610342175017205,0.0237528316377649,0.0274986064276499,0.0656738723657699,0.0541742657388131,0.0378860788438747,0.0773395785476834,0.0702165553583434,0.0214487907818599,0.00023115377841488,0.0188967959710427,0.0266947433562952,0.038099569143864,0.0523272416707355,0.00290987354175696,0.00662386178655325,0.00335343175502075,0.048540271467875,0.0282132641644759,0.0673662518558453,0.0549913628968454,0.00166343249046133,0.0304948142727428,0.0782495496901752,0.00156698144960106,0.0727145291133089,0.00143434167415721,0.0367886398423892,0.000998653901318937
"wgEncodeBroadHistoneGm12878H3k04me1StdPkV2.broadPeak",0.156894289492292,0.203076482745662,0.292718160640112,1,0.426391050071934,0.34044352039102,0.0818088641311109,0.252227436455969,0.406680007047059,0.356460887914136,0.262884212388101,0.175719815605683,0.184970323682787,0.0608876067850748,0.000715816753424591,0.0186144147832945,0.0133549996882202,0.0214192945160844,0.0505159525481719,0.026315779685461,0.0223970602946506,0.0294487745148675,0.00545927287802592,0.0259078333982474,0.000695143599798152,0.054876202615034,0.00200455080767785,0.0217407371003953,0.027655611143746,0.0010961792250527,0.040754343261053,0.0339533429014064,0.0860785155685938,0.00326170644876999,0.000969294607555726,0.00828544050079016,0.0300176484477207,0.0105403047497656,0.00403152975918488,0.0148604975168124,0.0726170419793304,0.0475263268891556,0.0101043231057246,0.0121011990058223,0.0106794873247044,0.12113029901814,0.00293048058711633,0.00237840920947922,0.0219002273100916,0.000756992574835022,0.00411165324185412,0.0262900874670358,0.00625929748031461,0.024553529787115,0.0271405030793897,0.00315796927509601,0.0384477424309578,0.00353218749066995,0.00251319627155624,0.0625541531164491,0.00722086293353426,0.0324802915148553,0.000792195427285565,0.0398696937510601,0.0506261423406776,0.0469560587022989,0.032418126920424,0.0048549777420545,0.0785839236608512,0.0203359498478729,0.00588195422128053,0.0019483227944792,0.0384041590814819,0.00507008762268394,0.00588110990995942,0.00143773532500772,0.00216830113464807,0.0471248082807139,0.0540983639338284,0.0592799604278043,0.00402595505623366,0.0154341182268699,0.00354601391732622,0.0162019367159866,0.0156003382582457,0.0572422122515014,0.0484953338782772,0.0276282450514437,0.0607780626131509,0.0750343419526251,0.0128230789879961,0.000105437417496429,0.0141145671940625,0.0169282602465812,0.0199421812994482,0.0405343822343059,0.00253216606677435,0.00379892598265063,0.00189419456422263,0.0313041923389151,0.0241083281628435,0.0515133937712726,0.0379612236276959,0.00119126089894329,0.0217288598551728,0.0660846706987622,0.000959929810191282,0.0494508806321248,0.00152530408572042,0.0349823631796351,0.000746575878479292
"wgEncodeBroadHistoneGm12878H3k04me3StdPkV2.broadPeak",0.164213995649781,0.152164426893153,0.300273265686941,0.426391050071934,1,0.428034514030016,0.0552090077066477,0.205795895970599,0.5601584972748,0.357386791004023,0.387821528107083,0.149213912708917,0.135971288726132,0.0947427651954195,0.00182703521833851,0.0249934125624295,0.0189388820681233,0.0304008914564587,0.0863756352598155,0.0421734376840133,0.046068008973019,0.0398147256695884,0.0116631597331829,0.054306045587399,0.00147628864155712,0.0851263154374668,0.00659425821855733,0.0340789005368629,0.0397735002372452,0.00171026491810334,0.0659129767414048,0.0502087222338029,0.127514330592282,0.00608567937884528,0.00139022096256328,0.0144277706957677,0.049586882068129,0.0166802734763434,0.00711352297808469,0.0305946193889089,0.119348556345322,0.0857383909953156,0.0208257678463238,0.01607046590087,0.0112857449388441,0.168014662265055,0.00619378298757315,0.00716384377200255,0.0387682077306493,0.00135440652288776,0.00748806123653005,0.0445561334591457,0.0159021297005232,0.0434592988574472,0.0481497521683215,0.0058229119589516,0.0718705743186791,0.00787266547938727,0.00513350494449091,0.101185269743903,0.0153165308352289,0.048140644618243,0.00245001840922192,0.0763452350390736,0.0897122339039384,0.0800840450108814,0.0452902459879088,0.0115796407642389,0.106782257647598,0.0404132993918258,0.0103366254983204,0.00424753692265198,0.0544745116871404,0.00993341682229399,0.00947226230919285,0.00204843213132535,0.00273474775029624,0.0875333650917786,0.0987726246540729,0.108293261002154,0.00727216017587371,0.0222123953800736,0.00755141971726759,0.0283963904442783,0.0327206331880438,0.0847798138925281,0.0717964346883045,0.0482643919668182,0.110545464587808,0.115707733653516,0.0281253170067744,0.000281785915622412,0.0152693682397045,0.0320652201767643,0.0465252524872085,0.0559587125349637,0.00433594277024612,0.00845599239083004,0.00414679871991647,0.0574539575175562,0.0368755348985186,0.0878031884760857,0.0681906791365771,0.00248774589616458,0.0369969326120386,0.104634360871754,0.00192378898052028,0.0815744816679248,0.00280807703622258,0.0504051051730574,0.00127266265949498
"wgEncodeBroadHistoneGm12878H3k27acStdPk.broadPeak",0.150317684784426,0.101445141581321,0.252757370538006,0.34044352039102,0.428034514030016,1,0.0250039532300112,0.167883574673333,0.463854694133859,0.321282597425055,0.448474389473173,0.101997551910356,0.0945291975109763,0.131221616166829,0.00252181251642832,0.0283903544568874,0.0238223380164227,0.0423100123999052,0.121498350290325,0.0613599822010038,0.0645910034247944,0.051404047112627,0.0157863722195713,0.0768909110010289,0.00201426548955432,0.118118179176325,0.00956274734279116,0.0426924813029194,0.0531652116871009,0.00236735436919543,0.0955227447933508,0.0700626785367612,0.174572151281554,0.00639918180703026,0.00136675481600421,0.017188121340862,0.0634626512066104,0.0215257743723147,0.00836308533548748,0.0452735805270829,0.158538929934906,0.119229784560457,0.0287225266346839,0.0194525808897611,0.0114604203765577,0.21133617559239,0.00756412000211183,0.0100312766840578,0.0500436256464596,0.00187210590825224,0.0104795630757444,0.06400732194764,0.0234851453145939,0.0589735731667462,0.0635066214324735,0.00766037172916011,0.0976134624219763,0.00800453784348118,0.00665480077608725,0.132212071319326,0.0204721038732841,0.0660600584588991,0.00337196921425602,0.110975952259953,0.122384814012133,0.108883548967189,0.0511404419929335,0.0160659707126109,0.137355701945125,0.0557310453906414,0.0136214160049904,0.00513420745576767,0.071432608215608,0.0121269680948083,0.012598189548607,0.00264906701957653,0.00340169885489284,0.118258952518014,0.129693741516777,0.147015105686006,0.00895253916854024,0.0322774498239844,0.00885893388478482,0.0358218857117812,0.0436675426752305,0.112909067057381,0.0956187554998223,0.0660786509587468,0.15694976272549,0.150889656201324,0.041855288744621,0.000340655633491141,0.0161818581273469,0.0429541114725538,0.0669937367519658,0.0700643641020868,0.00380008797561492,0.0112289885039777,0.0051003789026741,0.0788512272363464,0.0513335095682134,0.120478106429272,0.0984051540880656,0.00275698954524414,0.0502525620950275,0.140064245454978,0.0027073438747356,0.103133043901122,0.00200243120576077,0.0658781737370277,0.00136157821801649
"wgEncodeBroadHistoneGm12878H3k27me3StdPkV2.broadPeak",0.075079419465795,0.345833874155832,0.0829598579266992,0.0818088641311109,0.0552090077066477,0.0250039532300112,1,0.0559134035203217,0.0454742528213066,0.0298184406105759,0.0264527887955631,0.121857922649058,0.300328019151899,0.00566788679425811,0.000134236586199011,0.00299261958743926,0.00200648808570072,0.00316998125919217,0.00447636123107316,0.00210225522389178,0.00247255565050044,0.00446119660477762,0.000754721405446583,0.00268606011492069,0.000185011906831453,0.00541736105897747,0.000263920097124014,0.00321527075778873,0.00272921740372185,0.000142465668607147,0.00329422414977191,0.00322311024583933,0.00792954560268724,0.00180640400080722,0.000855319838805959,0.00154565956258811,0.00460553168053371,0.00160425655953018,0.00130586574591649,0.00119212310873493,0.00563431679001983,0.00433331718014261,0.00132087914546412,0.00193142677796759,0.00408688692580557,0.0139668007546442,0.000656456862671673,0.00040626395606116,0.00305867586111268,0.000188037682076091,0.000608786564725464,0.00229934820156177,0.000783049519794999,0.00328328683352546,0.00395192347878325,0.000568452594858615,0.00530853775704534,0.00113064062508833,0.000375790140803262,0.00810900482198187,0.00117556910990045,0.00355953433649963,0.000108303865346647,0.00374772279751461,0.00608050389444799,0.0055235868747273,0.0111935259452352,0.000758200164692499,0.012018921918589,0.00261978933181666,0.000779101290339487,0.000440370854949,0.00433026681890667,0.00104253529800533,0.000760866226475799,0.000147109742663217,0.000795781843818121,0.00576537128098272,0.00727580571337544,0.00668139282519273,0.000728547757571716,0.00142632263621956,0.00101319801787207,0.00357993782413402,0.00230652925590346,0.00669921411308318,0.00571650777719233,0.0034269889851556,0.00521007807525267,0.00727539251070712,0.0010018699394172,1.32458776229886e-05,0.00475848677749846,0.00243472341883052,0.00209510019293764,0.0087572485280493,0.00107334936507702,0.000494805214860339,0.00025564861469486,0.00388027192362249,0.00249853059496896,0.00559206112700839,0.00363415741455055,0.000506692005059799,0.00287089123872882,0.0075642309827124,7.93431928955391e-05,0.00997321292973833,0.000709593614905476,0.00431071709103118,0.000196718522238667
"wgEncodeBroadHistoneGm12878H3k36me3StdPk.broadPeak",0.115239341046469,0.214013978247624,0.106889999753079,0.252227436455969,0.205795895970599,0.167883574673333,0.0559134035203217,1,0.178685215290051,0.379556101812375,0.131510620866795,0.149421165674617,0.253713117452609,0.0231479850787165,0.000483975079520074,0.00574788004498817,0.00424607997853109,0.00980165990220515,0.0227952659691453,0.0101286142806876,0.0116513021113942,0.0103219899296216,0.00278478560644871,0.014046793497557,0.000483730717688123,0.0210034123286747,0.00182098282521833,0.00804987814911022,0.00897745877158848,0.000336533620695619,0.0168660234691531,0.0179244109211983,0.0312989710103304,0.00187835198156853,0.000461822413870937,0.00358944634245576,0.013301165270393,0.00397768176223697,0.00251881673181891,0.00842844898977766,0.0513966331738625,0.0371348276043464,0.00582312945136585,0.00413168760260403,0.00452581928793773,0.0439870996588536,0.00172924616669877,0.00191731948968682,0.00877747991678701,0.000474009591633532,0.0018316369269013,0.0118572219461091,0.00453037562872789,0.0105461970123885,0.0125209572131646,0.00153315241810502,0.0186816517649203,0.00248600626030947,0.00121155742666562,0.0243107152800438,0.00427624602712828,0.0122805271675799,0.000599160423431946,0.0210958321669084,0.0216110063413328,0.0192107722475088,0.0161192606373637,0.00323228741297804,0.0278208923920163,0.0105549437346455,0.00241890314218818,0.00129575128117551,0.0121196046041318,0.00292001226506684,0.00206570335577145,0.000399680007884519,0.00118189953094276,0.0214946072604505,0.0237138636159478,0.0283561617071219,0.00207200593962053,0.00477622170887821,0.00230559057988794,0.00766302971838812,0.00856188178925977,0.0193070617352235,0.0163437280570722,0.0121974969498924,0.0387947657017951,0.0637436464821101,0.00893234380674775,2.48139987627663e-05,0.00560097728165172,0.00834548923735799,0.0130074329762742,0.0166775503003326,0.00195708675891913,0.00216421451485687,0.000737952740285703,0.0146754666043576,0.00884689336055815,0.021404783658541,0.0170300533049027,0.000797217826017304,0.00975017805928219,0.0299937055924729,0.000531082883541452,0.0224401176335122,0.00122179362226347,0.0145311496932902,0.000423267953978386
"wgEncodeBroadHistoneGm12878H3k4me2StdPk.broadPeak",0.154190483519919,0.125352555659193,0.294914705878064,0.406680007047059,0.5601584972748,0.463854694133859,0.0454742528213066,0.178685215290051,1,0.337551645024471,0.430999681889427,0.111091677580303,0.122210922737238,0.111285203222164,0.00206192181314079,0.0261243941187852,0.0205901623678718,0.0354924567338111,0.101709668299999,0.0498233085305202,0.0535564794360252,0.0449239123362449,0.0137275314462528,0.0635931260159731,0.00167951174773128,0.100174074205275,0.00737526583027058,0.0367540081353053,0.046518538941354,0.00200430165419898,0.0781432723059403,0.058326219719526,0.148111754565562,0.00572710728205311,0.00171175842965594,0.0136432557006862,0.0563491529179788,0.0181969879499692,0.00659846527904406,0.0356452697402195,0.133743288319378,0.0986517294883615,0.0224414891988941,0.0175175627356135,0.0136629351820695,0.194521716233578,0.00565683528757324,0.00801699875118824,0.041356929773914,0.00153300895670948,0.00865385205602614,0.0525947768569165,0.0175232787041652,0.0500452786097961,0.0551756791875557,0.00682441426010189,0.0847703499873892,0.00603292700231868,0.00604389675328228,0.118990976601361,0.016725916114441,0.0556082092988608,0.00267749819798532,0.0893591890679774,0.105476678878751,0.0940701169244537,0.0530809072294324,0.0129911653680622,0.125051097714634,0.0461986400374717,0.012015703484479,0.00416131934302003,0.0620376299255753,0.0101016912218263,0.0110894425769144,0.00235068255982623,0.00305955608268164,0.102764509442536,0.116639001725896,0.126469529075375,0.00753451093237653,0.0263452426326381,0.00759234378376056,0.0316954228105996,0.0374213220469454,0.0991459282452407,0.0832630921005107,0.0559582803889388,0.127936514442755,0.129664733043027,0.0328491529889806,0.000323489899116539,0.0184737384721935,0.036487743548479,0.0539307183260695,0.0655757228998654,0.00329783509381855,0.00967615282267283,0.00463851030881625,0.0675263683798274,0.0428588849359595,0.102974275923396,0.0793808017970708,0.00230987103773075,0.0430036013312532,0.121647426413504,0.0021754934865025,0.0953151724723224,0.00169151312178252,0.0578209693250814,0.00125169955883507
"wgEncodeBroadHistoneGm12878H3k79me2StdPk.broadPeak",0.139711384153222,0.154322778388315,0.161399242734356,0.356460887914136,0.357386791004023,0.321282597425055,0.0298184406105759,0.379556101812375,0.337551645024471,1,0.266344400495941,0.145544418518464,0.1930035898358,0.0508791033975498,0.00125216709127215,0.00886980335272124,0.0074347602435035,0.0182355148024277,0.0518423917403057,0.0239562827665534,0.0291506608769381,0.019801271434058,0.00724746845437951,0.0349976395701262,0.00105035520411959,0.0465350573668824,0.00468746069934044,0.0151285585360052,0.0185682962703053,0.000797129512235306,0.0398382469397406,0.0335349459610938,0.0678646856743838,0.00283859944000937,0.000747386301015425,0.0057993909992042,0.0278024350587809,0.00774321053281572,0.00378222534951736,0.0208681612482233,0.100825101699855,0.0689121025961934,0.0129573304859188,0.00690815058510944,0.0060822064740432,0.0897742551155798,0.00280337747785158,0.00494809573108076,0.0176642770877983,0.000885916146767553,0.0043898982360921,0.0277846051042526,0.0112969934062585,0.0241344943105442,0.0273475953255372,0.00360603584885946,0.0446612866769527,0.00326748189003033,0.00311692599820284,0.0555254130944204,0.0095032758649486,0.0260981433580243,0.00161648603434541,0.0522577125539781,0.0522364845041745,0.0451866233082076,0.0275959001395301,0.00759325723435551,0.0578638785847898,0.0248478363042923,0.00615364647039871,0.00244956469901543,0.0244881359822754,0.00542647524997195,0.00471800187622819,0.000766918365002454,0.00182286600689339,0.0524495563409764,0.0572181597896278,0.0676412860210409,0.00389870959085934,0.0110248055004049,0.0041927715954033,0.0162312652078837,0.0203929655532047,0.0427361000330266,0.0352052387507097,0.0278366729918649,0.086316015627958,0.10369220445137,0.0223006692698141,5.78854369202713e-05,0.00814891167499909,0.0189848336309315,0.0332317299107505,0.0311568271506866,0.00210608378772987,0.00555761484893872,0.00188401987526371,0.0350679879904055,0.0194221172839166,0.0497070571919107,0.0420791804598222,0.00148137325496793,0.0226711648629273,0.066403175714047,0.0012741530804786,0.047848183063239,0.000765472315148659,0.0291909559617235,0.000578561166052553
"wgEncodeBroadHistoneGm12878H3k9acStdPk.broadPeak",0.15160585961564,0.0816784488259761,0.236749170359351,0.262884212388101,0.387821528107083,0.448474389473173,0.0264527887955631,0.131510620866795,0.430999681889427,0.266344400495941,1,0.0717637241065443,0.0843291472294294,0.136389445745161,0.00325797671849239,0.0260348483604461,0.0235621852360107,0.0450734084678072,0.13703859063705,0.0679014101159413,0.0773574125484287,0.0549608437499494,0.0200907000860004,0.095330124525398,0.00255947053055543,0.126400325620495,0.0120344390765955,0.0456928220461595,0.051600705096948,0.00254966744865357,0.109018007180231,0.0747133502055171,0.173208089132266,0.00775376914098902,0.00163737511513609,0.0194068061984827,0.0730021780814177,0.0235888759827621,0.0098581176700425,0.0540908341613816,0.184064705603355,0.144832257733789,0.0341373596505854,0.0186582984876639,0.0144085291517146,0.211418269806817,0.00897850182673243,0.0128882337607032,0.0552990666691067,0.00216918425620415,0.0120500969059725,0.0738331874051367,0.0290020142916932,0.0687424891191616,0.0748739984591965,0.0096068090269818,0.119792966996878,0.0101555362090649,0.00879479784079264,0.149823690890425,0.026412463681257,0.069352720358757,0.00439816774591179,0.134834408074975,0.144712073560599,0.125325556940843,0.0633279879228223,0.0206124227158169,0.142637620827614,0.0691625815654232,0.0167734524843844,0.00706533947393266,0.0718390973540633,0.0154733402118667,0.0138458307026796,0.00226649530312475,0.00357102124715759,0.147304057016718,0.160751324216935,0.176503361832522,0.0112273701074514,0.0329408385024868,0.0115570330381817,0.0417074984579312,0.0562138723496817,0.116698905228081,0.0973577914694932,0.0750512731777159,0.191328585151964,0.170736900765846,0.0517100785588343,0.000463904479563628,0.0202477134563074,0.0527332222534659,0.0849499138061321,0.081118429310006,0.00556627086027386,0.0143801227804339,0.0068266561507138,0.0964230313568541,0.0545389566962282,0.136067320985982,0.113479207191756,0.00347270965376355,0.0598562693287935,0.161742294512245,0.00321452582451242,0.123068588994587,0.00351752373664364,0.0697555541204225,0.00196208823094956
"wgEncodeBroadHistoneGm12878H3k9me3StdPk.broadPeak",0.0839618695472775,0.208793498613694,0.163854780653481,0.175719815605683,0.149213912708917,0.101997551910356,0.121857922649058,0.149421165674617,0.111091677580303,0.145544418518464,0.0717637241065443,1,0.121931047004393,0.0186611621772536,0.000202107551912472,0.00781767071990079,0.00564080551313305,0.00760978836940269,0.0147953017189499,0.00830690640215635,0.005949733340768,0.00974822712397788,0.00118463053088389,0.00586600476793381,0.000266115345258705,0.016119781020518,0.000546666452359411,0.00836592812233311,0.00930904489132183,0.00040810141559399,0.0117523651304323,0.011452995404935,0.0270535530812571,0.00211009085960333,0.00047875186287897,0.00492051017119348,0.00960718679746526,0.00404722314944892,0.00255462533657645,0.00439484182184788,0.0208285944051631,0.0104554529107452,0.00403026978073698,0.00441909629566304,0.00288182286807354,0.0340822139024465,0.001726595038896,0.000702079261102262,0.00892885205733563,0.000322295272067491,0.00126641263117071,0.00770791474344218,0.0022229300548335,0.00714463184076126,0.00835404040481595,0.000858940035207711,0.00959381548116057,0.00306196960725333,0.000538572914973581,0.0172376272422894,0.00259523206852962,0.0112454514117071,0.000214647551757282,0.0123371580697788,0.0137488698538839,0.0131745545104759,0.0093421704790601,0.0015494362750375,0.0233436359653808,0.00577265855588702,0.00122952934924851,0.00104447575108792,0.013167994930403,0.00224214082459488,0.00158347055028797,0.000581730118263216,0.00102244315440526,0.0118630402135116,0.0131210291289409,0.0156881826632475,0.00158609642428287,0.00558878675549351,0.00179716347984281,0.00658972997031249,0.0041318893475197,0.017320991506134,0.015801651231691,0.00858196686606669,0.0156737439391081,0.02206999934323,0.00371564357582974,1.35932212288884e-05,0.00351428487812987,0.00504365491377106,0.00469113909291004,0.0123470712330728,0.00195610495018416,0.000895836290334693,0.00034593765747819,0.00797713982744661,0.00839663107316852,0.0152333315051842,0.0119767369643247,0.000930881852623866,0.00619134372459273,0.0201552424098672,0.000381039813624579,0.0141138293368917,0.00162978142642576,0.0110921814539256,0.000348247030013538
"wgEncodeBroadHistoneGm12878H4k20me1StdPk.broadPeak",0.101524836119692,0.269175545230883,0.0904292903566182,0.184970323682787,0.135971288726132,0.0945291975109763,0.300328019151899,0.253713117452609,0.122210922737238,0.1930035898358,0.0843291472294294,0.121931047004393,1,0.0145758310579218,0.000343959248553608,0.0043886450488424,0.0032655698794614,0.00747936815765925,0.0139858871604685,0.00603216631784454,0.00763751079628272,0.00838894716268695,0.00219066434027552,0.00936708797534929,0.000405567211871744,0.0136711697965449,0.00107810060447355,0.00599192854894586,0.0055166702676379,0.000225249933977285,0.0103017993935851,0.0116447585080637,0.0190324369456406,0.00244644957836422,0.00111762732063511,0.00259755327117698,0.0102079172226944,0.00307903936567586,0.00239785939132032,0.00485472683497245,0.032171617231495,0.024848430069457,0.00376136581822526,0.00310654591010516,0.00522791504826223,0.0309776336763977,0.00120830463031574,0.00120531636375437,0.00599635432091551,0.000349259442750753,0.00130567995108614,0.00757493633212312,0.00271843048517383,0.00788580455503864,0.00986522145276597,0.00129637916312011,0.0136404957263385,0.0019229565352507,0.000937447490219127,0.0180815689873496,0.00294310456382382,0.00759642684325829,0.00037924237610249,0.0130290922368535,0.0152565771291295,0.013209989035444,0.0163414428476126,0.00206665744765784,0.0220737339508992,0.0069207070715005,0.00212418313257559,0.000940509373805215,0.00816307079184707,0.00201168254065954,0.00165658319234334,0.000230000625289798,0.000962468819438872,0.0152968654098524,0.0179897302793659,0.0192926660853824,0.00138873284355314,0.0028584918426405,0.00163344888417777,0.00599126667349791,0.00594605917272322,0.0134465281446405,0.0112600140797656,0.0079791709390094,0.0239034807292892,0.0381023228289707,0.00542231775977303,2.372562761908e-05,0.0062484868686848,0.00568569758208265,0.00848034533292615,0.0141497318603077,0.00135092773748982,0.00166432813918823,0.000589349633869756,0.0101694044322946,0.0053964506298594,0.0144852324769055,0.00985893925747471,0.000933801959816914,0.0070916531826127,0.0207798810185932,0.000281476006727416,0.0187132316798719,0.000924034410406492,0.00940814452632953,0.000315245821176989
"wgEncodeHaibTfbsGm12878Atf2sc81188V0422111PkRep1.broadPeak",0.0484372196762928,0.0185324142391163,0.0700371555392206,0.0608876067850748,0.0947427651954195,0.131221616166829,0.00566788679425811,0.0231479850787165,0.111285203222164,0.0508791033975498,0.136389445745161,0.0186611621772536,0.0145758310579218,1,0.012614561160858,0.152590275522535,0.122646449859535,0.216579030926612,0.493554965276476,0.330457856538158,0.261557567748306,0.155230761046568,0.0665860864108185,0.274605969192141,0.0104134801883534,0.533120738333782,0.0473144854813957,0.200754824320095,0.311947619130629,0.0150700202548857,0.398122295742037,0.323131979599503,0.522534858061768,0.015531256079667,0.00396883682229888,0.0730095084452183,0.206443365615166,0.104990492700322,0.0266319075393986,0.250958727142237,0.219203332185569,0.197147046444481,0.128075770095093,0.0742982346828146,0.0385014983173321,0.401525023941617,0.0302574227151401,0.0496113392234836,0.214021670288942,0.00847466703828553,0.054599861538073,0.331220343658989,0.106178080516309,0.226134494312899,0.197710566862014,0.0300841819711172,0.273623551893671,0.0225972475846307,0.0280087100339513,0.369808360924031,0.0877811724724253,0.254712048594459,0.0151107874086955,0.282441585531238,0.351697739778265,0.361972496195204,0.106066318059732,0.0681673342695986,0.292516821551065,0.219712642913686,0.0313299585589963,0.0217841172269688,0.271105385971738,0.0456757448104536,0.059498100802769,0.0194452443029338,0.00725326511087778,0.304030762573031,0.31323198893452,0.321230334040814,0.0369827500992411,0.150526063200074,0.0305637476023761,0.110507780914931,0.154018307206172,0.396066992831616,0.37878132498606,0.272572429082421,0.240876497785965,0.179124155532254,0.15375043258401,0.00247754549303397,0.0546551321560825,0.174512067124491,0.2011650009235,0.203035588116078,0.00871560260768051,0.0296088636086454,0.0155760428885688,0.276294741286184,0.228863988153696,0.427886058709891,0.332418446404869,0.00935743140935035,0.17337400016831,0.257186913309925,0.0112782749817375,0.245352037635909,0.000377310337830936,0.177007916799311,0.00439579934290832
"wgEncodeHaibTfbsGm12878Atf3Pcr1xPkRep1.broadPeak",0.0012451584942603,0.000265166322516413,0.00161155706643227,0.000715816753424591,0.00182703521833851,0.00252181251642832,0.000134236586199011,0.000483975079520074,0.00206192181314079,0.00125216709127215,0.00325797671849239,0.000202107551912472,0.000343959248553608,0.012614561160858,1,0.00269550458987829,0.00493892862971546,0.00864637488396107,0.0146812812801396,0.0123469837822073,0.0261751117825943,0.00435808829540702,0.0417479039319505,0.0275805452297074,0.0233767064995745,0.0126644894512063,0.0527251574732819,0.00971926056356899,0.00837287780654177,0.0275528337229567,0.0100145404510706,0.00877323461487484,0.00926069270183119,0.00972823979613326,0.00211600244142302,0.0054296981724046,0.0159614244538398,0.01446975966922,0.00893693772203909,0.0376645502793116,0.00767613917547968,0.011469729060753,0.0242054468729528,0.00691045403075574,0.00722447463900455,0.0075609160860849,0.0228056686034513,0.101571282684997,0.0136846940728097,0.0125888251007349,0.0662954319336811,0.0173162634134303,0.0451073115800711,0.0215637369793298,0.0158333925450603,0.125895490891037,0.0199145591120888,0.00861655849875363,0.0399958624770587,0.0137534401284616,0.0405328599719054,0.00754506359025484,0.061974641127025,0.0147447656136516,0.0161840370038971,0.0163030121426951,0.00974935157635031,0.0509851463457429,0.00803584387551936,0.0313859295733569,0.0167965396702307,0.0167191015526414,0.0021452080483667,0.027783888020664,0.0111022187638383,0.000917010545621275,0.00153860147828005,0.0188890805351576,0.0152179751141348,0.013853384277568,0.111662787247609,0.00209169895745886,0.0282433282863214,0.0197658059044079,0.0349275779599449,0.0104339160516763,0.0125972617573134,0.0193433583491434,0.0111718804504347,0.00748505646329216,0.0196056758069148,0.000786469031625308,0.00478626396191436,0.0314101386712572,0.0316088838057669,0.00727570134166454,0.0155993641783539,0.0234067933353845,0.00834398948818607,0.0244753758576548,0.00994678931951386,0.0156931758852988,0.0176736560797858,0.00575767675328322,0.0365564405050445,0.00947237531033612,0.0128883693145687,0.0139487639009809,0.0105978724961573,0.00832545213810764,0.00350331557469961
