"","wgEncodeBroadHistoneHepg2CtcfStdPk.broadPeak","wgEncodeBroadHistoneHepg2Ezh239875Pk.broadPeak","wgEncodeBroadHistoneHepg2H2azStdPk.broadPeak","wgEncodeBroadHistoneHepg2H3k04me1StdPk.broadPeak","wgEncodeBroadHistoneHepg2H3k09me3Pk.broadPeak","wgEncodeBroadHistoneHepg2H3k27acStdPk.broadPeak","wgEncodeBroadHistoneHepg2H3k27me3StdPk.broadPeak","wgEncodeBroadHistoneHepg2H3k36me3StdPk.broadPeak","wgEncodeBroadHistoneHepg2H3k4me2StdPk.broadPeak","wgEncodeBroadHistoneHepg2H3k4me3StdPk.broadPeak","wgEncodeBroadHistoneHepg2H3k79me2StdPk.broadPeak","wgEncodeBroadHistoneHepg2H3k9acStdPk.broadPeak","wgEncodeBroadHistoneHepg2H4k20me1StdPk.broadPeak","wgEncodeHaibTfbsHepg2Atf3V0416101PkRep1.broadPeak","wgEncodeHaibTfbsHepg2Bhlhe40V0416101PkRep1.broadPeak","wgEncodeHaibTfbsHepg2Cebpbsc150V0416101PkRep1.broadPeak","wgEncodeHaibTfbsHepg2Cebpdsc636V0416101PkRep1.broadPeak","wgEncodeHaibTfbsHepg2Creb1sc240V0422111PkRep1.broadPeak","wgEncodeHaibTfbsHepg2Ctcfsc5916V0416101PkRep1.broadPeak","wgEncodeHaibTfbsHepg2Elf1sc631V0416101PkRep1.broadPeak","wgEncodeHaibTfbsHepg2Fosl2V0416101PkRep1.broadPeak","wgEncodeHaibTfbsHepg2Foxa1sc101058V0416101PkRep1.broadPeak","wgEncodeHaibTfbsHepg2Foxa1sc6553V0416101PkRep1.broadPeak","wgEncodeHaibTfbsHepg2Foxa2sc6554V0416101PkRep1.broadPeak","wgEncodeHaibTfbsHepg2GabpPcr2xPkRep1.broadPeak","wgEncodeHaibTfbsHepg2Hdac2sc6296V0416101PkRep1.broadPeak","wgEncodeHaibTfbsHepg2Hnf4asc8987V0416101PkRep1.broadPeak","wgEncodeHaibTfbsHepg2Hnf4gsc6558V0416101PkRep1.broadPeak","wgEncodeHaibTfbsHepg2JundPcr1xPkRep1.broadPeak","wgEncodeHaibTfbsHepg2MaxV0422111PkRep1.broadPeak","wgEncodeHaibTfbsHepg2Mbd4sc271530V0422111PkRep1.broadPeak","wgEncodeHaibTfbsHepg2Mybl2sc81192V0422111PkRep1.broadPeak","wgEncodeHaibTfbsHepg2Nficsc81335V0422111PkRep1.broadPeak","wgEncodeHaibTfbsHepg2Nr2f2sc271940V0422111PkRep1.broadPeak","wgEncodeHaibTfbsHepg2NrsfPcr2xPkRep1.broadPeak","wgEncodeHaibTfbsHepg2NrsfV0416101PkRep1.broadPeak","wgEncodeHaibTfbsHepg2P300V0416101PkRep1.broadPeak","wgEncodeHaibTfbsHepg2Pol24h8V0416102PkRep1.broadPeak","wgEncodeHaibTfbsHepg2Pol2Pcr2xPkRep1.broadPeak","wgEncodeHaibTfbsHepg2Rad21V0416101PkRep1.broadPeak","wgEncodeHaibTfbsHepg2RxraPcr1xPkRep1.broadPeak","wgEncodeHaibTfbsHepg2Sin3ak20Pcr1xPkRep1.broadPeak","wgEncodeHaibTfbsHepg2Sp1Pcr1xPkRep1.broadPeak","wgEncodeHaibTfbsHepg2Sp2V0422111PkRep1.broadPeak","wgEncodeHaibTfbsHepg2SrfV0416101PkRep1.broadPeak","wgEncodeHaibTfbsHepg2Taf1Pcr2xPkRep1.broadPeak","wgEncodeHaibTfbsHepg2Tcf12Pcr1xPkRep1.broadPeak","wgEncodeHaibTfbsHepg2Tead4sc101184V0422111PkRep1.broadPeak","wgEncodeHaibTfbsHepg2Usf1Pcr1xPkRep1.broadPeak","wgEncodeHaibTfbsHepg2Yy1sc281V0416101PkRep1.broadPeak","wgEncodeHaibTfbsHepg2Zbtb33Pcr1xPkRep1.broadPeak","wgEncodeHaibTfbsHepg2Zbtb33V0416101PkRep1.broadPeak","wgEncodeHaibTfbsHepg2Zbtb7aV0416101PkRep1.broadPeak","wgEncodeHaibTfbsHepg2Zeb1V0422111PkRep1.broadPeak","wgEncodeSydhTfbsHepg2Arid3anb100279IggrabPk.narrowPeak","wgEncodeSydhTfbsHepg2Bhlhe40cIggrabPk.narrowPeak","wgEncodeSydhTfbsHepg2Brca1a300IggrabPk.narrowPeak","wgEncodeSydhTfbsHepg2CebpbForsklnStdPk.narrowPeak","wgEncodeSydhTfbsHepg2CebpbIggrabPk.narrowPeak","wgEncodeSydhTfbsHepg2CebpzIggrabPk.narrowPeak","wgEncodeSydhTfbsHepg2Chd2ab68301IggrabPk.narrowPeak","wgEncodeSydhTfbsHepg2CjunIggrabPk.narrowPeak","wgEncodeSydhTfbsHepg2Corestsc30189IggrabPk.narrowPeak","wgEncodeSydhTfbsHepg2ErraForsklnStdPk.narrowPeak","wgEncodeSydhTfbsHepg2Grp20ForsklnStdPk.narrowPeak","wgEncodeSydhTfbsHepg2Hnf4aForsklnStdPk.narrowPeak","wgEncodeSydhTfbsHepg2Hsf1ForsklnStdPk.narrowPeak","wgEncodeSydhTfbsHepg2Irf3IggrabPk.narrowPeak","wgEncodeSydhTfbsHepg2JundIggrabPk.narrowPeak","wgEncodeSydhTfbsHepg2Maffm8194IggrabPk.narrowPeak","wgEncodeSydhTfbsHepg2Mafkab50322IggrabPk.narrowPeak","wgEncodeSydhTfbsHepg2Mafksc477IggrabPk.narrowPeak","wgEncodeSydhTfbsHepg2MaxIggrabPk.narrowPeak","wgEncodeSydhTfbsHepg2Mazab85725IggrabPk.narrowPeak","wgEncodeSydhTfbsHepg2Mxi1StdPk.narrowPeak","wgEncodeSydhTfbsHepg2Nrf1IggrabPk.narrowPeak","wgEncodeSydhTfbsHepg2P300sc582IggrabPk.narrowPeak","wgEncodeSydhTfbsHepg2Pgc1aForsklnStdPk.narrowPeak","wgEncodeSydhTfbsHepg2Pol2ForsklnStdPk.narrowPeak","wgEncodeSydhTfbsHepg2Pol2IggrabPk.narrowPeak","wgEncodeSydhTfbsHepg2Pol2PravastStdPk.narrowPeak","wgEncodeSydhTfbsHepg2Pol2s2IggrabPk.narrowPeak","wgEncodeSydhTfbsHepg2Rad21IggrabPk.narrowPeak","wgEncodeSydhTfbsHepg2Rfx5200401194IggrabPk.narrowPeak","wgEncodeSydhTfbsHepg2Smc3ab9263IggrabPk.narrowPeak","wgEncodeSydhTfbsHepg2Srebp1InslnStdPk.narrowPeak","wgEncodeSydhTfbsHepg2Srebp1PravastStdPk.narrowPeak","wgEncodeSydhTfbsHepg2Srebp2PravastStdPk.narrowPeak","wgEncodeSydhTfbsHepg2TbpIggrabPk.narrowPeak","wgEncodeSydhTfbsHepg2Tcf7l2UcdPk.narrowPeak","wgEncodeSydhTfbsHepg2Tr4UcdPk.narrowPeak","wgEncodeSydhTfbsHepg2Usf2IggrabPk.narrowPeak","wgEncodeSydhTfbsHepg2Znf274UcdPk.narrowPeak"
"wgEncodeBroadHistoneHepg2CtcfStdPk.broadPeak",1,0.0556432925307269,0.0419578718879333,0.0667667803719418,0.0214276275095561,0.0728131083055602,0.0394732549216476,0.0440691922279258,0.0918456420661319,0.095689165795234,0.0658183561765452,0.0944583284859603,0.0493740897878722,0.00459744633891366,0.00875345528686996,0.0106996315413813,0.0287582360025968,0.031061302097026,0.176407080332108,0.0304977381648832,0.036701634983958,0.0266018029830829,0.030656352943228,0.0119180701890549,0.00949480584227233,0.0486639029417393,0.0202049020457534,0.0232674758946065,0.0158446732994023,0.0406894827453454,0.0342766426528696,0.0621347735406846,0.0440860839496525,0.00441392846958112,0.00142236826847307,0.0043378015339951,0.0187870693925891,0.0427313940914903,0.0262129495715541,0.192277531519905,0.0154154398329686,0.0157331765368562,0.0341473706328862,0.00330954151735691,0.0021169698285016,0.0191462057538437,0.0130955608579151,0.0459350651521745,0.0132880052264475,0.0583390240025557,0.00956667751396541,0.00183743241326767,0.0160596177615098,0.00647896035134512,0.0766459293404842,0.0406778007638792,0.0273216059447378,0.0158810439472662,0.0349925600353165,0.00431834491308188,0.0440134720104145,0.011189232086026,0.0718247854735645,0.000869834298415301,0.000277171703596307,0.0137128734191567,0.00129429272159992,0.00193912004233052,0.0354079046213508,0.0310085014618785,0.0318230471802184,0.0308919814906193,0.0535138853815024,0.0681882129062004,0.0593896790872474,0.0042529972092729,0.0444864223137425,0.000111641512360364,0.0342713687966192,0.0582259188851744,0.0110368958486897,0.0422039361065024,0.207887960214053,0.0482985118057629,0.176432731419703,0.00157087790649755,0.000171777960831092,0.000127605946504953,0.0386228929256021,0.0115943189054518,0.00280425053874483,0.0221197201480329,0.00265958240991124
"wgEncodeBroadHistoneHepg2Ezh239875Pk.broadPeak",0.0556432925307269,1,0.215841739996008,0.159908093467555,0.0467912744412956,0.0524937952964526,0.594213282550279,0.0614838176698572,0.1053113330484,0.0719168075809879,0.0677788803292185,0.0865107496062646,0.220506776619287,0.000753733576405234,0.0012949781649459,0.00308678806907581,0.00625952090557495,0.00807703248823431,0.0108976753253357,0.00583231092133266,0.0111512432357807,0.0108032573280008,0.0143698159121875,0.00591064042700378,0.00207918104432994,0.0121356620190761,0.00667344382239564,0.00657609660977415,0.00345864616507016,0.0116978202109815,0.0077080260294603,0.0143590589666977,0.00986717224338087,0.00224969097375869,0.000795446326037292,0.00179961204419336,0.00725005500230184,0.0111672600326001,0.00573980579303651,0.0139010939945994,0.00257101308424575,0.00246302570788775,0.0100225886719744,0.000565153455894792,0.000507972705466598,0.00429450401623496,0.0025412481650046,0.0120300831836938,0.00266701592584877,0.0116148328900798,0.00129228046153752,0.000350992140757871,0.00261038846480109,0.00170091584590017,0.0162305228444807,0.00991150044936075,0.00384320466868822,0.00423219968141918,0.0219596820685718,0.000660488920052699,0.00861831553599396,0.00525134360065662,0.0140911872606684,0.000145211116813737,5.63410936269743e-05,0.00309202688390008,0.000270787276102956,0.000287747731436552,0.0142230708806301,0.0130602640753701,0.0177429505392615,0.0144159394569259,0.0127552777307198,0.0138926295185493,0.0142832187247519,0.000645082456030497,0.00979305473518492,3.32137047941626e-05,0.0084969213891535,0.0194285016574641,0.00239608250299475,0.0159918693216031,0.0146377031486929,0.00935814695218064,0.014551123152582,0.000325559146577873,3.90292311610986e-05,2.80896109635717e-05,0.00939968741124172,0.00361858875974763,0.000579837311507447,0.00465401441882412,0.000305506941085801
"wgEncodeBroadHistoneHepg2H2azStdPk.broadPeak",0.0419578718879333,0.215841739996008,1,0.1562761424016,0.133534730172421,0.0728850168845866,0.189361711162354,0.0869080743455879,0.097816981735614,0.0682672297093496,0.0934269011130808,0.0880096833741432,0.131216577371965,0.000859254998000882,0.00109675562584789,0.00294436000937941,0.00702184493246523,0.0098962062954474,0.00719186046351846,0.00704595948427884,0.00927132995280769,0.011294843169834,0.0156376279676433,0.00642054446512913,0.00262578312276914,0.0129558694317156,0.00690481752596845,0.00695086629453712,0.00304209930027464,0.0118683662880928,0.00843054282853307,0.0163742278748724,0.0112775826229721,0.00200162832172636,0.000247219929757385,0.000965823382475987,0.00807612479627728,0.0118911012774879,0.00672704332337204,0.00991678890393195,0.00212533148970581,0.00276147328072939,0.0108672056815702,0.000809527508061898,0.00054043613895175,0.00553707407481701,0.00233003225207556,0.0135594325107527,0.00232031470390054,0.0123596348004573,0.00111845442889924,0.000454729855718293,0.00240144273760215,0.00153289960717211,0.0180923248358908,0.00963763885231952,0.0041042964616736,0.0042744881110244,0.0227345684698306,0.000616646088238447,0.00916104570189068,0.00541709622534684,0.0140525154706643,0.000129077051605004,8.3842176663776e-05,0.00316783521018292,0.000281619934868059,0.000335516539212727,0.0140961130434846,0.0144236983643052,0.0205365205366259,0.0158036181339356,0.0127756793279299,0.0140139068301764,0.0162368372849501,0.000832775007445003,0.010657219538756,2.82940032425126e-05,0.00968140056256551,0.0209722544609169,0.00279474033965527,0.014749532625344,0.0117474755984361,0.00971420613400151,0.0121512103977303,0.000395475791397954,4.42626347635685e-05,3.68955579829575e-05,0.0116055845612371,0.00409197206719731,0.000788750902416105,0.004255386944244,0.000258285564124546
"wgEncodeBroadHistoneHepg2H3k04me1StdPk.broadPeak",0.0667667803719418,0.159908093467555,0.1562761424016,1,0.0185079372056332,0.259416301982644,0.123475686648128,0.214510116393248,0.338678772930406,0.204038173270254,0.283723324602604,0.254239055717663,0.17446964067279,0.00158973943192726,0.0021042805337594,0.01016377796247,0.0158925149041482,0.0193513254135243,0.0158470151595611,0.0139726399676696,0.0304622869872668,0.0398587358820098,0.0567056495179287,0.0235081077991576,0.00371605795978394,0.0364709670183906,0.0247459648900006,0.0232431869893533,0.00884977628524875,0.0276176854454006,0.023336945060981,0.0426021492445042,0.0289191468325363,0.00795441122164559,0.000551186159965012,0.00228422733755484,0.0270707214164711,0.0335960558302228,0.0143715955729277,0.023496940352326,0.00544295603618188,0.00441477526425672,0.0314736844929379,0.00107150417029994,0.00138068790889125,0.00918065374340971,0.00648709040602933,0.0425945451367389,0.00515651973961235,0.025506764735049,0.00147969390126651,0.000661375296601529,0.00692636151935218,0.00459020878398072,0.0509282704384067,0.0243910129443197,0.00767794853053779,0.0131833039831308,0.0468383146273224,0.0012033662825002,0.0190439022220172,0.0132333499360637,0.0338433076493028,0.000442147781959599,9.46817226414587e-05,0.00990486252768763,0.000647742168289488,0.000548124508848359,0.0312734767828629,0.025863446009609,0.0304549465320154,0.0267883942348693,0.0282643718827128,0.0312936840368477,0.0370713713947687,0.00122099888738983,0.0268382859844964,6.93959570447018e-05,0.0204068321268494,0.0589318275246194,0.00562309675129219,0.0566034429691157,0.0275696061589152,0.0209736281721649,0.0310262934715112,0.000854746399412604,0.000117375822325827,9.14443226609918e-05,0.0238466520712722,0.0102246172504778,0.0012146510753198,0.00924970590871483,0.000324614504962126
"wgEncodeBroadHistoneHepg2H3k09me3Pk.broadPeak",0.0214276275095561,0.0467912744412956,0.133534730172421,0.0185079372056332,1,0.0100189008896991,0.0386828363590422,0.0232850966692436,0.0108703848411007,0.00884301403264293,0.0233504714347282,0.0136312995257168,0.0289856555160866,0.000148153462382573,0.00170411455476355,0.000526400273694338,0.000375213658957842,0.000480650094474972,0.00157732341027295,0.000496299398588693,0.0040723497651769,0.00411375639688276,0.00278074510631493,0.00108601533508473,0.000251108141362653,0.000884842218532214,0.000927310616094685,0.000749751937863266,0.00163882462950474,0.000496038773147785,0.000807218491377175,0.00114608224553414,0.00089531385056987,0.000375382844771652,0.000176257026110466,0.000327622727908469,0.00118966819749599,0.00156994809342543,0.000402551284935015,0.00193220633424951,0.00372046177675973,0.00247356235204731,0.00493445645254262,5.21292290283438e-05,9.55817736452962e-05,0.000290515546284232,0.00180052746610791,0.00145944659118698,0.00217637821910192,0.000634835955382749,0.00231702959929844,6.36507741607164e-05,0.000151168292936038,9.48048688724489e-05,0.00220321674988663,0.000736574887639322,0.000714949003243385,0.000461488452768097,0.0111097362074418,0.000464358320328299,0.00102371447592662,0.0022517994516833,0.00138609489468479,1.63276963362305e-05,6.68466052815256e-06,0.000260542403607762,1.04301635396017e-05,0.00016716175896965,0.00589065599073043,0.0072675068626799,0.0127258400702311,0.00840463321571137,0.00155357269349283,0.00197258314011892,0.000800690249107253,0.000265933413223977,0.00108214685314987,1.03910203184652e-05,0.00042116880587344,0.0013371662404552,0.000118845571851014,0.00191275449448707,0.00222762604645047,0.00135725146360517,0.0020360705807555,1.3257638430644e-05,4.69272943857213e-06,3.83793310569871e-06,0.000655959493874112,0.00230985625233672,4.31271381819009e-05,0.00158181780959345,0.000841795054148483
"wgEncodeBroadHistoneHepg2H3k27acStdPk.broadPeak",0.0728131083055602,0.0524937952964526,0.0728850168845866,0.259416301982644,0.0100189008896991,1,0.0370079234667291,0.141692631573976,0.357434404735058,0.338118149250197,0.243088397677282,0.370358752903836,0.0947008526771767,0.00630926433794572,0.00574711590820651,0.0214246827470687,0.0603711738893219,0.0801070420157469,0.0188619151364322,0.051524736445642,0.0582250541415533,0.0656559689148781,0.0881857390758892,0.0468778933518513,0.0199437534711935,0.101149382318927,0.0517608761473087,0.0553448838977899,0.0229695447798235,0.0889973119346499,0.0690939580459863,0.131856420079658,0.0917707182151868,0.0162345285189545,0.000939011050592808,0.00546135164080304,0.0622008820877178,0.104533739904634,0.0595486818190234,0.0355934606856535,0.0120570050433832,0.017876460363022,0.0787645180693354,0.00613359428847725,0.0038256658231816,0.0491908314277916,0.0182158550460498,0.105180160646919,0.0111979362733041,0.0914852689743676,0.00402637168707106,0.00338644202460685,0.0204486071179839,0.0110556632840063,0.117420965315008,0.067184029709548,0.0286289724528398,0.0313735602635291,0.0643461728371629,0.00339671217958982,0.067610385055955,0.0245895493437193,0.096729730610093,0.00127718144232683,0.000636023858374612,0.0277405594130774,0.0019608698249074,0.00221335285070801,0.0568813470279884,0.0458630795524873,0.0480280553527542,0.0453929169523123,0.0889076959736546,0.0950972704391739,0.126931325927362,0.00568138878395905,0.0820005786361396,0.000241401462897166,0.0849081856423816,0.178950368499966,0.0251503824979493,0.105935030194668,0.0458232914105639,0.0646622292770468,0.0534129889353006,0.00343307415342525,0.000418416918161724,0.000364570687028437,0.0932090039005399,0.022486440128355,0.00623956755679385,0.0223465680875506,0.000921953470943891
"wgEncodeBroadHistoneHepg2H3k27me3StdPk.broadPeak",0.0394732549216476,0.594213282550279,0.189361711162354,0.123475686648128,0.0386828363590422,0.0370079234667291,1,0.0507236216712799,0.0850690594478604,0.0609344675373029,0.0531811044388172,0.0687093714787232,0.215846959333208,0.000751312147145007,0.00103552148858732,0.00201819308155215,0.00621566015354184,0.00944384204313806,0.00868497697087073,0.00584484028531905,0.00877544963372246,0.0069400428934827,0.00926764307074514,0.00309769176966074,0.00233017707086816,0.00962256797100199,0.0041509920231828,0.00434627735110641,0.00259578699037812,0.0120507267624123,0.00577100700712791,0.0124730862707201,0.00817548229102337,0.00115817195685867,0.000683691509788838,0.00150947954647,0.00384948575812977,0.0104236210969309,0.00619407584362787,0.0108835592645598,0.00191584856815015,0.00258960091900835,0.00692073192528784,0.000672607768190677,0.000403318582836439,0.00531279295834405,0.00172324911427115,0.00824843162474627,0.00231504824857088,0.0120812507289406,0.00112139461002669,0.000403620991354901,0.00230498912935556,0.00145589122448641,0.0116306622599587,0.00859163003356496,0.00386271753876372,0.00314602564842993,0.0187611797693098,0.000538990196162246,0.00832983684063469,0.00382013015638743,0.0121138621327012,0.000112119592180837,7.48842339971145e-05,0.00211094147000861,0.000241563789999501,0.000276295335721752,0.0115134447666054,0.0109155451532112,0.015625967262871,0.0125507026657789,0.0119413046901016,0.0127238636636028,0.0141807608745698,0.000681497841514358,0.00792037152754884,2.10877622605314e-05,0.00943772286042951,0.0188919708647842,0.00283915158895467,0.0136609958272125,0.0107854604897009,0.00844919577204089,0.0102235185842387,0.000373406432956401,3.74140994601011e-05,3.07826730649417e-05,0.00926980976594492,0.0020579757354952,0.000682431582082358,0.00414011002922195,0.00026960244617519
"wgEncodeBroadHistoneHepg2H3k36me3StdPk.broadPeak",0.0440691922279258,0.0614838176698572,0.0869080743455879,0.214510116393248,0.0232850966692436,0.141692631573976,0.0507236216712799,1,0.117199246340223,0.0852952420600567,0.388976605368102,0.131740892510099,0.303865648240787,0.00100890997072156,0.00153672592357902,0.00333313903691241,0.00888237999546193,0.0122717092818663,0.00724942751546065,0.00765226264195753,0.0171825676662154,0.0124690321666069,0.017418758031034,0.00687088054618875,0.00316202734264585,0.0143801213410675,0.00755058104171505,0.0077755969421193,0.00394299322424855,0.0140102712946946,0.0108140545460789,0.0190772089075494,0.01287341984042,0.00217050142528781,0.000326653462875001,0.000984835023294119,0.00781250486344967,0.0244831973874691,0.0100939238551719,0.00984384910655939,0.00281115334081066,0.00383435725758277,0.0122116890966627,0.000948514543087517,0.000607855240846396,0.00761979481861622,0.00298608257563976,0.0155300713483011,0.00271609608486826,0.0141126338667369,0.00156639618070252,0.000550384754899969,0.00287126491115816,0.00160078490324748,0.0190768270897033,0.00989735774131425,0.00488865908986773,0.00483842586106274,0.0222048783049812,0.000836212922457637,0.010933383643879,0.00528276397330372,0.0151841905764584,0.000187487493078132,0.000111984209107201,0.00365937458704758,0.000198802066559696,0.000434844552460854,0.0137833406178439,0.0137060806710702,0.0194098015341677,0.0154898506424893,0.0139143666468932,0.0154344248040025,0.0196869519700446,0.00104994363855714,0.011654639695711,2.97962265892993e-05,0.0146854427537851,0.0394225541047813,0.00447831240311111,0.0702641308181492,0.0115828186300144,0.0105015826642284,0.0118383340267769,0.000494316523722693,6.06347441928754e-05,5.47945195845957e-05,0.0129933161719299,0.00428868783087596,0.00101711706030812,0.00445064668331299,0.000635042765492347
"wgEncodeBroadHistoneHepg2H3k4me2StdPk.broadPeak",0.0918456420661319,0.1053113330484,0.097816981735614,0.338678772930406,0.0108703848411007,0.357434404735058,0.0850690594478604,0.117199246340223,1,0.496952599426759,0.205214793800549,0.406293682095708,0.100273870438605,0.00552063175814962,0.00539055075446343,0.0198933777848375,0.0510150757785721,0.0681033798798012,0.0300290049253173,0.045250336897746,0.0551374079735446,0.0668487875026745,0.0899476598681361,0.0418137968402589,0.016669338937806,0.0932016783135684,0.0496764964277901,0.0508049195293956,0.0202810151927657,0.0862121214169073,0.0555560989324551,0.113215212214471,0.0762266009400295,0.0150643885688334,0.00138019300226392,0.00526119558364815,0.0531972674079499,0.0825520821626218,0.0482113767086091,0.046396259425944,0.0117162922926737,0.0150431095737198,0.071135384804871,0.00516149900036319,0.00333147661412316,0.0388395999728135,0.0153534010030507,0.091117970631089,0.0117171670130682,0.0873935551147787,0.00394365043316764,0.00277192784287736,0.019605881409443,0.0112474019401626,0.108777013884753,0.0630993226436756,0.0247646686890643,0.0288529153349629,0.0684440454284124,0.00313865941299119,0.0591544062915825,0.0215352999572022,0.0906036774806981,0.00104194326089336,0.000490024479924325,0.0234258151815699,0.00184688356919006,0.0018986702398744,0.0534584563358865,0.0437168551788072,0.0462539777689847,0.0437060574831275,0.0832223703701309,0.090493539288515,0.11130761590855,0.00481702222524761,0.070306629102512,0.000186850648283508,0.0691382903867312,0.147376480048055,0.0194515030311229,0.0795649900822703,0.0537535524846961,0.0586283117739815,0.0590735480029818,0.00283489836099078,0.000321515223248064,0.000273743023431039,0.0747112743444247,0.0189099879511294,0.00497348469079609,0.0218676077981873,0.000770058033202072
"wgEncodeBroadHistoneHepg2H3k4me3StdPk.broadPeak",0.095689165795234,0.0719168075809879,0.0682672297093496,0.204038173270254,0.00884301403264293,0.338118149250197,0.0609344675373029,0.0852952420600567,0.496952599426759,1,0.161004861716945,0.410904463345186,0.0716332030492444,0.00861950737013306,0.00813699252143452,0.0236054510478377,0.079545109669975,0.10790272986812,0.0349592871666352,0.068967117170091,0.065898571381404,0.063724216753146,0.0825098370354405,0.0422057865994322,0.0269814876005873,0.127779916626632,0.0563569980614956,0.0630108255058632,0.0275063335110584,0.13531011527902,0.0766474681104677,0.161892980683707,0.108621329883101,0.0158988009123215,0.00200973860544565,0.00738810745598748,0.0580771417870057,0.121249175494633,0.0768444353755024,0.0560244737073009,0.0158125483112691,0.0242132331540768,0.0890174134814719,0.00851692787248142,0.00444957018787506,0.0637365705879619,0.0214276730437523,0.110208287894338,0.0159854181923394,0.136855823965001,0.00655949584688676,0.0045036671306812,0.0300318181215723,0.0161450153453917,0.127666267572689,0.0884493290546076,0.0386875834332039,0.036781895876614,0.0674636045823064,0.00483249911169943,0.0907622311837548,0.0228638472311218,0.128877067349271,0.00151504884474362,0.000800570178548498,0.0327787327232268,0.00281033353740762,0.00315974923156397,0.0594257913693002,0.0492429727548606,0.0497896153475976,0.0491076086135036,0.124933111679914,0.134240038263209,0.167247188978628,0.00783142889929028,0.0982607570215513,0.000265694119253807,0.109946345289315,0.214546336320966,0.0306709144888113,0.0925126900396988,0.063561803443444,0.0859920610028084,0.0677196649319789,0.00454610829666686,0.000505572405989895,0.00043703450823202,0.11644093605561,0.0220950985625373,0.00796907059874637,0.030552696841094,0.00137302837821599
"wgEncodeBroadHistoneHepg2H3k79me2StdPk.broadPeak",0.0658183561765452,0.0677788803292185,0.0934269011130808,0.283723324602604,0.0233504714347282,0.243088397677282,0.0531811044388172,0.388976605368102,0.205214793800549,0.161004861716945,1,0.219388329351679,0.310717698733789,0.00219457767245816,0.00229180319448751,0.00592596101600644,0.0200976187148388,0.0280923883785845,0.00917571032187849,0.0167340919832785,0.0215782060534994,0.0191752784953449,0.0273989315161062,0.0115451937602849,0.00717238825935526,0.0297288241412647,0.0131251591220929,0.0146405713864829,0.00704708870874522,0.0322138834870925,0.0209306650580189,0.0392672903158992,0.0267863367768694,0.00377808447782299,0.000411534662488417,0.00187890044907089,0.0142293325617584,0.0426703241658095,0.0215623705616273,0.0144420690174028,0.00411029766904602,0.00707908760522594,0.021165460266337,0.00226962825880278,0.00120347162789886,0.0182310999089365,0.00524331816258873,0.0287379598920326,0.00434467461206408,0.0319840786590017,0.00220848498484473,0.00121168419982065,0.00652188966676337,0.00344030976536039,0.0350210739941398,0.0208393457854377,0.0102675416382517,0.00909371431789966,0.0305086851862514,0.00150362052754401,0.0233379191031761,0.00798072787515932,0.0309815288549688,0.00037658042132405,0.00023463483451003,0.00723686707541395,0.000485545202154858,0.000884570641138236,0.0209096943593191,0.0193742895968632,0.0251216323646569,0.0213432716029415,0.0299377426144237,0.0324015172970787,0.0424813784685833,0.00216615299602734,0.0240246016781961,7.49382464180543e-05,0.0318439081597996,0.0736147037482082,0.00990195296239739,0.0828258792157492,0.0171332952925386,0.0214939151953275,0.0179598565143181,0.00114902209458179,0.000135672341381975,0.000117478209478356,0.0291864239773566,0.00702172819726745,0.00219385920377049,0.00831402477229776,0.000604473643446854
"wgEncodeBroadHistoneHepg2H3k9acStdPk.broadPeak",0.0944583284859603,0.0865107496062646,0.0880096833741432,0.254239055717663,0.0136312995257168,0.370358752903836,0.0687093714787232,0.131740892510099,0.406293682095708,0.410904463345186,0.219388329351679,1,0.102536609757546,0.00573532712160527,0.00552310040646178,0.0169429815899343,0.0534359671218139,0.0720084670023518,0.0225278381346781,0.0460079184772611,0.0501806405143203,0.0486177481948867,0.0649428551438363,0.0320668041831423,0.0178254943882436,0.086473573117551,0.0399264081567846,0.0439606757294399,0.0195505476294642,0.087174205221329,0.0548937449424906,0.112469091686255,0.0755344825172994,0.0118624126753865,0.000916613794384087,0.00472972928519048,0.0446794833867831,0.0879048873250565,0.0523974773327732,0.0376302251462201,0.0111319004691032,0.0161989124873883,0.0631248907134604,0.00559397245064333,0.00317513672726418,0.0428131041523634,0.0151928993260908,0.0809652750168407,0.0109038321834329,0.0878319424664974,0.0043522408501693,0.00301055521049332,0.0194565761308285,0.0104567258561585,0.0933730928722118,0.0596369822290778,0.025959234997071,0.025701566482624,0.0556939306346911,0.0034319301431389,0.0610164861377646,0.0187930607265105,0.0871884138201932,0.00103116570100529,0.000536111003998009,0.0224056751807408,0.001810819882818,0.00214708871891834,0.046966798446295,0.0393828734361218,0.0422433782484451,0.0398837290033198,0.0832912910395817,0.0892446101389346,0.113523003984037,0.00518167560556802,0.0685399752469314,0.000195547077539784,0.0752505432338395,0.156276267537344,0.0210459474167388,0.0856116681387299,0.0447182677990485,0.0583388896968612,0.0492341527307827,0.0030297861751866,0.000346753291154306,0.000302311345611183,0.0794599805228629,0.016845008317816,0.00534538742621746,0.0210412143830295,0.000921252539794325
"wgEncodeBroadHistoneHepg2H4k20me1StdPk.broadPeak",0.0493740897878722,0.220506776619287,0.131216577371965,0.17446964067279,0.0289856555160866,0.0947008526771767,0.215846959333208,0.303865648240787,0.100273870438605,0.0716332030492444,0.310717698733789,0.102536609757546,1,0.000786305782221431,0.00114332388708436,0.00252868391264207,0.00713612996476953,0.00998557670473698,0.00837539656362804,0.00572939551162195,0.0128780385078121,0.00967020085749977,0.0137137730874148,0.00521469720060122,0.00231879923495405,0.0114275675029936,0.00552314590014837,0.00579135280548466,0.00305753774590776,0.0122179572966068,0.00792247266798395,0.0140485119507048,0.00939968203153374,0.00186300861399791,0.000881705644322321,0.00194854710412335,0.00525873695863291,0.0185882996863001,0.0078951778128906,0.0105272504526458,0.0021073068686033,0.00279608309043023,0.00834866852561854,0.00069935210864425,0.000459753539974831,0.00615530831043485,0.0020379496516642,0.0112331044743832,0.00214769031635112,0.012075111249279,0.00114156131475032,0.000445892069777085,0.00249119803084794,0.00147168077129459,0.0150527689599285,0.00865167393971616,0.00405225000968826,0.00379172453861122,0.0203784024832201,0.000705396564501267,0.00915371142636617,0.00451513775080924,0.0129460262215459,0.000135709513318977,7.89178141789006e-05,0.00268046526692583,0.000182155821413787,0.000359557209466543,0.0123711751771383,0.0121293418855767,0.0176511336950301,0.013963556734652,0.0117528048520256,0.0136169067928222,0.0159750985744451,0.000778941402576951,0.00904876731224112,2.10365095002779e-05,0.0119720126967882,0.0310532559160842,0.00387625400359257,0.0511497643713134,0.0113312414084807,0.00867495017583755,0.0109613337047456,0.000400191264788581,4.65437840635264e-05,4.1075540368251e-05,0.00978043416659962,0.00333099369146135,0.000742039592204034,0.00390658396192982,0.000277310383927906
"wgEncodeHaibTfbsHepg2Atf3V0416101PkRep1.broadPeak",0.00459744633891366,0.000753733576405234,0.000859254998000882,0.00158973943192726,0.000148153462382573,0.00630926433794572,0.000751312147145007,0.00100890997072156,0.00552063175814962,0.00861950737013306,0.00219457767245816,0.00573532712160527,0.000786305782221431,1,0.0407134181451885,0.0405952985810252,0.0714672401260751,0.052791293143616,0.0135552256233417,0.0717213659412479,0.0178071410846617,0.00603053784137,0.00621004366324515,0.00512602469729953,0.08029270646124,0.0404989941767353,0.0197222153611306,0.0290281579222932,0.0426747580398416,0.0379371005082323,0.0394267936051275,0.0362673500704262,0.0500885371144943,0.0049600758507949,0.0038565574043799,0.0174043087066788,0.0225792575345948,0.0340707902573708,0.0613035333345911,0.018107468329276,0.0105958604884337,0.0448809258941238,0.0179923851524005,0.0275139697625779,0.0476391993138941,0.0698647213522756,0.028361124854426,0.0223191217731211,0.069135499266359,0.0507492655363989,0.0124962344969032,0.0391293780343848,0.0429936573347361,0.0133817375336516,0.0269330689753108,0.0508250267564769,0.0895841362219885,0.0418784215772038,0.0100320132335901,0.0113697713207216,0.0612700899960856,0.0199942816690799,0.045740060449539,0.0117771599237616,0.0275930353525214,0.0275767258963958,0.010532376049851,0.0206465236131735,0.0192698857687355,0.0124941216185374,0.0093960394197366,0.0120548660393285,0.0550864283701812,0.0443462792905292,0.041238413189666,0.0728201232795855,0.0559899869164903,0.0056308910646354,0.0500278940089826,0.0232851261042674,0.0604532181934791,0.0106620339790111,0.0144866417401403,0.0563467472532024,0.0151178880693479,0.0309403050878528,0.00550825321467523,0.0046231713977828,0.0522683685542942,0.00935702167893235,0.046960509924921,0.0807990547400418,0.00866138166552123
"wgEncodeHaibTfbsHepg2Bhlhe40V0416101PkRep1.broadPeak",0.00875345528686996,0.0012949781649459,0.00109675562584789,0.0021042805337594,0.00170411455476355,0.00574711590820651,0.00103552148858732,0.00153672592357902,0.00539055075446343,0.00813699252143452,0.00229180319448751,0.00552310040646178,0.00114332388708436,0.0407134181451885,1,0.0256259939270613,0.0317992057235574,0.0180671328266885,0.00560135739074686,0.0254502745888131,0.0791266898192444,0.0754572929211815,0.0113008400716624,0.0128868446044146,0.0255517856701067,0.0253936027641766,0.0252056674724941,0.0259279010160482,0.197502577266018,0.0182637423967528,0.0259674170450249,0.030215072655269,0.0274682427910305,0.0128332038089677,0.0145620006571377,0.0210587809543504,0.0259731330689419,0.0372147454813264,0.0357857675125329,0.0113326245981096,0.203236027478585,0.265827872586809,0.105112058558454,0.0121090552924287,0.0112340743065279,0.0298734727311349,0.276045590104771,0.024680512572662,0.245428774024218,0.021282069429362,0.284955571602455,0.0115985879979829,0.0209028914783741,0.00799574285239344,0.0180926442530699,0.0383060645776661,0.0343181015249221,0.0181511635059728,0.00644291473067274,0.0112500984782655,0.0315347147128948,0.0123345203883079,0.0240037043418544,0.00440865464550202,0.0010594030529105,0.0245282926537756,0.00461426098720997,0.0196758350197778,0.0126616446088981,0.00828256267126967,0.00578550804195252,0.00683103442656708,0.0371452814075326,0.0276283989652417,0.0221690748123198,0.0328013955946116,0.0303575786807312,0.0011516624118206,0.0187912200240359,0.0121583947537332,0.01675699279667,0.00538201141815497,0.010324569469359,0.0294246500128509,0.0119458290052748,0.0099411372858525,0.00130517731433131,0.000651177830880662,0.0249753733028295,0.0297537719015945,0.0108161904824496,0.0571193466751541,0.0482772389518311
"wgEncodeHaibTfbsHepg2Cebpbsc150V0416101PkRep1.broadPeak",0.0106996315413813,0.00308678806907581,0.00294436000937941,0.01016377796247,0.000526400273694338,0.0214246827470687,0.00201819308155215,0.00333313903691241,0.0198933777848375,0.0236054510478377,0.00592596101600644,0.0169429815899343,0.00252868391264207,0.0405952985810252,0.0256259939270613,1,0.135054654204939,0.0434560922392957,0.0147480028746107,0.0721809445434713,0.04501654916273,0.081818964317049,0.0849595086017227,0.0773078988346295,0.0198107055290428,0.145568450569467,0.144971350718709,0.164858750088314,0.0764759421276677,0.0322943046806118,0.124704022204767,0.104376234856396,0.135736801031142,0.0732090595749593,0.00152651477595215,0.0487045386177597,0.157774787330107,0.0471499484084468,0.0391205206539061,0.0434401793881789,0.0378256902538147,0.0357815389579495,0.100553873112804,0.00943556995781422,0.0250380147271465,0.0277991359911517,0.101559010815203,0.125784156255264,0.0260408215300838,0.0443308555979868,0.0110294373504083,0.0126951871986052,0.0573199416344584,0.0279670553784378,0.0991124342668501,0.091673266173422,0.0527523044691948,0.412227801825695,0.0852530140563553,0.0104854993498508,0.0738517990394125,0.0779065893434665,0.0947071944573283,0.00802931111992135,0.00137914299182145,0.119833127706855,0.0147590240963138,0.00772125820474811,0.0699651568090703,0.0424999771211339,0.0273331827427292,0.0323254531333831,0.0740791140534545,0.0707108103672343,0.0739745116230478,0.0117588368902612,0.156604182638265,0.00353509177344257,0.0377836703983515,0.0448458950575263,0.0289400846890174,0.0189339050584951,0.0556654495629416,0.0826341890692321,0.0968574237411565,0.0110911233540389,0.0030798784030614,0.00205654585185811,0.0959873636663157,0.0872097849056647,0.0110025020876046,0.0476145037876734,0.00320138995842462
"wgEncodeHaibTfbsHepg2Cebpdsc636V0416101PkRep1.broadPeak",0.0287582360025968,0.00625952090557495,0.00702184493246523,0.0158925149041482,0.000375213658957842,0.0603711738893219,0.00621566015354184,0.00888237999546193,0.0510150757785721,0.079545109669975,0.0200976187148388,0.0534359671218139,0.00713612996476953,0.0714672401260751,0.0317992057235574,0.135054654204939,1,0.298827405262872,0.0524889248740645,0.311903559742772,0.107812882610337,0.051315338884728,0.0574695282435584,0.0374568957106333,0.17967618681408,0.313247838529035,0.136863432522324,0.189844362218807,0.124817065061502,0.257731375681813,0.217436470425967,0.300154662460079,0.326812576251103,0.0312636538683959,0.0051046071433118,0.0477056521335484,0.116800530758868,0.285584236725642,0.42992395523746,0.107772747681604,0.0374273736557526,0.10587880942771,0.146473601407726,0.0586726789054436,0.0250477601467943,0.386044868255893,0.0976394184902874,0.155465462872679,0.0478134948200927,0.387020789236832,0.017547700766648,0.0383707683242113,0.182069214338947,0.0464606716287654,0.159719758646091,0.250160603319761,0.220536952798178,0.17208576944073,0.0606729364941229,0.0154739504172963,0.347691049982371,0.0366566453397429,0.301618761741957,0.011537781998063,0.0068735872209425,0.146963390466672,0.0152284360580484,0.0171777738060436,0.076795031483899,0.0601197106479517,0.0465884401715581,0.0560940226116279,0.330998412801288,0.33498876199081,0.32538590475756,0.0540676360298436,0.312978869918404,0.00258642598976035,0.391955275277426,0.217095489931567,0.211630234921107,0.0859875897218344,0.092218617649926,0.279511069123682,0.0896736736167429,0.0313098549098247,0.0041514892456798,0.00381165974843994,0.353162656515306,0.0358320391606096,0.0582668565071709,0.107002770746281,0.000738848376459529
"wgEncodeHaibTfbsHepg2Creb1sc240V0422111PkRep1.broadPeak",0.031061302097026,0.00807703248823431,0.0098962062954474,0.0193513254135243,0.000480650094474972,0.0801070420157469,0.00944384204313806,0.0122717092818663,0.0681033798798012,0.10790272986812,0.0280923883785845,0.0720084670023518,0.00998557670473698,0.052791293143616,0.0180671328266885,0.0434560922392957,0.298827405262872,1,0.0445393721193969,0.266755101345798,0.0855718299082068,0.0333322391225889,0.0415278023417966,0.0277020198753017,0.166156458258616,0.222884039668195,0.0629517848736585,0.0961931352099509,0.0681728837525755,0.363628758408343,0.165445411142738,0.284852617618136,0.244514556117883,0.022819568091109,0.00520856104102617,0.0225573231556204,0.0629310770427155,0.239427313361774,0.296229500780075,0.068915585858602,0.0160706147030745,0.088394710156994,0.105325111543115,0.0609643905319453,0.0190947825499332,0.314144087169434,0.0427250502549585,0.124409066218113,0.035424146639263,0.38317258453623,0.0126340175743859,0.028684633879223,0.0876930513307795,0.0437535772266215,0.15034159204204,0.227974753517648,0.175139272485201,0.0960321102670862,0.0481196464452434,0.0170728299350115,0.297741938007706,0.0382195128662803,0.26881957137194,0.0051396252852422,0.00624617315930957,0.0727287185705742,0.0124548388703194,0.0180189400329146,0.0728525535387122,0.0528537898400634,0.0435636112315322,0.0497418949707513,0.31293552670493,0.290854826877251,0.373859236034198,0.036380526250437,0.235635983464769,0.00164558292513448,0.388965559623057,0.254892162689488,0.179091720668788,0.0884390597783082,0.0664060248425151,0.25067484644991,0.0641486257532486,0.0268793487933942,0.00332114519687625,0.00315377115591747,0.329441864887358,0.0194193058463434,0.0516391109876572,0.0865814116012878,0.00018480277822279
"wgEncodeHaibTfbsHepg2Ctcfsc5916V0416101PkRep1.broadPeak",0.176407080332108,0.0108976753253357,0.00719186046351846,0.0158470151595611,0.00157732341027295,0.0188619151364322,0.00868497697087073,0.00724942751546065,0.0300290049253173,0.0349592871666352,0.00917571032187849,0.0225278381346781,0.00837539656362804,0.0135552256233417,0.00560135739074686,0.0147480028746107,0.0524889248740645,0.0445393721193969,1,0.0608602766730045,0.0291921650032421,0.0166883370291657,0.0241285205888043,0.00743020406010209,0.0247067696504191,0.074204085619139,0.0258966230206527,0.0327927657552404,0.0194975357405605,0.0571980892436543,0.0440160914456646,0.0701736391562993,0.0618443528641933,0.00355890732654967,0.00358909846767654,0.00884320649062421,0.0177513214838757,0.0382546332405542,0.0433491011867593,0.54592486835414,0.00804506049046467,0.0129203434606384,0.0185757410540161,0.0083091481372229,0.0051402600040294,0.038764072610481,0.0118995100288484,0.0467705403412709,0.0132531294576649,0.105832609972151,0.00371466735051423,0.00505523404481906,0.0493825849230638,0.0115741623979607,0.10954251692092,0.0663505463110721,0.066176042062518,0.0251156661973823,0.0262798239672981,0.00404462499031136,0.0783594483116663,0.0104097860680322,0.121416553381921,0.00172389733467351,0.000739411716493617,0.0214793153851145,0.00281273712115533,0.00197789148573518,0.0405252683481728,0.0333170031240241,0.0277902134323021,0.0299317627033814,0.0814662890557794,0.113070715974092,0.0801611260691782,0.00810477760419342,0.0710597606013589,0.00027120557035144,0.0483567120172499,0.0422812497456104,0.0175624590038287,0.0227908983895974,0.45938940436117,0.0865021342396834,0.364091785684652,0.00285324034725876,0.000291919437573986,0.000333365493618563,0.0534374133640932,0.00397363946024378,0.00666141055417032,0.033139363918709,0.000114557791399775
